[1.611956927765721;
 -1.323877870575774;
 0.6230124798855312] [0.01560328038036832;
 0.07086866856939494;
 1.168201103949729]
[1.61320659206389;
 -1.323722684430974;
 0.6209859968641852] [0.01558010148234018;
 0.07083160980272245;
 1.168000890840605]
[1.620141929894649;
 -1.331111974083116;
 0.6153474059154191] [0.01568219355643216;
 0.07115859159273868;
 1.169548138381266]
[1.634611020983645;
 -1.362366134431985;
 0.5814601804066133] [0.014838393618357;
 0.07039500518771565;
 1.165328592867281]
[1.910971696399166;
 -1.840376192113794;
 -0.02776479975142012] [0.006247314078814774;
 0.09841039794941014;
 1.137324377451339]
[2.001444787904248;
 -2.147245133254838;
 -0.5208782049581376] [0.003809469163823368;
 0.1238109211705455;
 1.14290648004293]
[-1.706054302392375;
 1.994157165327156;
 1.101769002713679] [0.01139243217055235;
 0.1541728843601133;
 1.149303177613159]
[1.132503980561435;
 0.9649312423396078;
 -1.083306272511693] [-0.01463249320473064;
 -0.1590645231344973;
 -1.114695843126959]
[-0.631669979845302;
 1.068552757770731;
 1.589523804179383] [0.03115256184903683;
 0.1645622440214056;
 1.223506804491809]
[-0.01429838446819493;
 0.5128924398699723;
 1.60297102678662] [0.04151289193204977;
 0.1345163283355199;
 1.230186767455975]
[0.5524613568030712;
 -0.08206041660327407;
 1.466389726918234] [0.04096361992987601;
 0.09249424098436897;
 1.230904643038012]
[1.091858536280206;
 -0.7177917082858835;
 1.14979845844728] [0.02941157623205692;
 0.06616793654623246;
 1.218233207788018]
[1.619503285294725;
 -1.377328448107368;
 0.5673803841322885] [0.01494952526607152;
 0.06535867759749786;
 1.170908034396951]
[1.913594515454487;
 -1.870624982601106;
 -0.06745403930428073] [0.006764200804427747;
 0.09435364054188654;
 1.150937380037802]
[1.910384615731891;
 -1.846094185017098;
 -0.05375823219882116] [0.006254022645429039;
 0.09450332404419697;
 1.136838161777118]
[1.908908530488424;
 -1.822893563016824;
 -0.05132610832808059] [0.003765609582277818;
 0.1036858344443427;
 1.142704224815207]
[1.876233142146344;
 -1.768600334138852;
 0.1115993872400184] [0.006471958679747149;
 0.09279053129683221;
 1.148898016826321]
[-2.247990065747663;
 2.360401974888607;
 0.5432905653738189] [0.006062371768567242;
 0.1205110209185336;
 1.150599649546971]
[-1.00741464728473;
 1.358634959186138;
 1.477171115747297] [0.022292561153506;
 0.1711545616225944;
 1.192647535686397]
[0.04555434917691882;
 0.405348867558856;
 1.59451053716694] [0.03953456672980112;
 0.1337894536690341;
 1.238559766407371]
[-0.5500674505655433;
 1.016285291919734;
 1.601451184694421] [0.03451307355022868;
 0.1661128733997617;
 1.208883429427339]
[2.09202916870202;
 -2.345900230478535;
 -1.070900185675811] [0.01030466721271303;
 0.1493271684025082;
 1.143280165741005]
[1.630195888964959;
 -1.374373815558764;
 0.6036330440682578] [0.01655760019400364;
 0.06945336497532618;
 1.169142126608996]
[1.553258120008051;
 -1.280362183938244;
 0.7088243767014246] [0.01709457943644141;
 0.06697763112999566;
 1.172563943669501]
[1.844952789941038;
 -1.703237614428027;
 0.2068836401978982] [0.01173421292263732;
 0.08957238501867078;
 1.148595611597337]
[1.755905134708649;
 -1.561836220965486;
 0.3815553202972906] [0.01390665540765735;
 0.08017826219770764;
 1.151940403248302]
[-2.142937169871959;
 2.312264821653258;
 0.6902456340405425] [0.006687746129804552;
 0.1329933203766283;
 1.148385459598546]
[1.478147772415803;
 -1.150211228085224;
 0.7433702801515509] [0.02146007148507633;
 0.06418129514460065;
 1.162540963120135]
[0.1277541301299868;
 0.3671173559962984;
 1.610545534464578] [0.04212040217528056;
 0.1265107148500319;
 1.231545678069746]
[1.087871614621909;
 -0.66592281231501;
 1.193939619096659] [0.0301242405436728;
 0.07129329967717389;
 1.213735321277365]
[1.118915733369089;
 -0.7041919644321195;
 1.166360608861019] [0.02923680795793741;
 0.07031592874080403;
 1.212174973217406]
[1.132688982794111;
 -0.7171034014190486;
 1.15586419910854] [0.02920394825034428;
 0.06999001473541756;
 1.212851090550615]
[1.141338866321126;
 -0.7274739268186288;
 1.147554816142464] [0.0288287238665206;
 0.0699285973383718;
 1.21115679296512]
[1.144384838991722;
 -0.7340172682386887;
 1.145641949490245] [0.02868942448863355;
 0.06971619456112593;
 1.211371503846354]
